<<<<<<< HEAD
1 1 1 1 1 1 1 1
1 1 1 1 1 1 1 1
1 2 1 2 1 2 1 2
1 1 1 1 1 1 1 1
1 2 1 2 1 2 1 2
2 2 2 2 2 2 2 2
1 1 1 1 1 1 1 1
1 2 1 2 1 2 1 2
2 1 2 1 2 1 2 1
1 1 1 1 1 1 1 1
0 0 0 0 0 0 0 0
0 0 0 0 0 0 0 0
0 0 0 0 0 0 0 0
0 0 0 0 0 0 0 0
=======
1 1 1 1 1 1 1 1
1 1 1 1 1 1 1 1
1 2 1 2 1 2 1 2
1 1 1 1 1 1 1 1
1 2 1 2 1 2 1 2
2 2 2 2 2 2 2 2
1 1 1 1 1 1 1 1
1 2 1 2 1 2 1 2
2 1 2 1 2 1 2 1
1 1 1 1 1 1 1 1
0 0 0 0 0 0 0 0
0 0 0 0 0 0 0 0
0 0 0 0 0 0 0 0
0 0 0 0 0 0 0 0
>>>>>>> 1b408131c77a99fc5d8b8485f833dce5d0f16c63
0 0 0 0 0 0 0 0