<<<<<<< HEAD
1 1 1 1 1 1 1 1
1 1 1 1 1 1 1 1
0 0 0 0 0 0 0 0
1 1 1 1 1 1 1 1
1 1 1 1 1 1 1 1
0 0 0 0 0 0 0 0
2 2 2 2 2 2 2 2
0 0 0 0 0 0 0 0
1 1 1 1 1 1 1 1
1 1 1 1 1 1 1 1
0 0 0 0 0 0 0 0
1 1 1 1 1 1 1 1
2 2 2 2 2 2 2 2
0 0 0 0 0 0 0 0
0 0 0 0 0 0 0 0
=======
<<<<<<< HEAD
1 1 1 1 1 1 1 1
1 1 1 1 1 1 1 1
1 2 1 2 1 2 1 2
1 1 1 1 1 1 1 1
1 2 1 2 1 2 1 2
2 2 2 2 2 2 2 2
1 1 1 1 1 1 1 1
1 2 1 2 1 2 1 2
2 1 2 1 2 1 2 1
1 1 1 1 1 1 1 1
1 1 1 1 1 1 1 1
1 1 1 1 1 1 1 1
2 2 2 2 2 2 2 2
1 1 1 1 1 1 1 1
=======
1 1 1 1 1 1 1 1
1 1 1 1 1 1 1 1
1 2 1 2 1 2 1 2
1 1 1 1 1 1 1 1
1 2 1 2 1 2 1 2
2 2 2 2 2 2 2 2
1 1 1 1 1 1 1 1
1 2 1 2 1 2 1 2
2 1 2 1 2 1 2 1
1 1 1 1 1 1 1 1
1 1 1 1 1 1 1 1
1 1 1 1 1 1 1 1
2 2 2 2 2 2 2 2
1 1 1 1 1 1 1 1
>>>>>>> 1b408131c77a99fc5d8b8485f833dce5d0f16c63
1 1 1 1 1 1 1 1
>>>>>>> 83d6fb56b6aadf27069ac72605997b33c28b0d01
