<<<<<<< HEAD
=======
<<<<<<< HEAD
>>>>>>> refs/remotes/origin/main
1 1 1 1 1 1 1 1
1 1 1 1 1 1 1 1
1 2 1 2 1 2 1 2
1 1 1 1 1 1 1 1
1 2 1 2 1 2 1 2
2 2 2 2 2 2 2 2
1 1 1 1 1 1 1 1
1 2 1 2 1 2 1 2
0 1 0 1 0 1 0 1
1 0 1 0 1 0 1 0
0 0 0 0 0 0 0 0
0 0 0 0 0 0 0 0
0 0 0 0 0 0 0 0
0 0 0 0 0 0 0 0
<<<<<<< HEAD
=======
=======
<<<<<<< HEAD
1 1 1 1 1 1 1 1
1 1 1 1 1 1 1 1
1 2 1 2 1 2 1 2
1 1 1 1 1 1 1 1
1 2 1 2 1 2 1 2
2 2 2 2 2 2 2 2
1 1 1 1 1 1 1 1
1 2 1 2 1 2 1 2
0 1 0 1 0 1 0 1
1 0 1 0 1 0 1 0
0 0 0 0 0 0 0 0
0 0 0 0 0 0 0 0
0 0 0 0 0 0 0 0
0 0 0 0 0 0 0 0
=======
1 1 1 1 1 1 1 1
1 1 1 1 1 1 1 1
1 2 1 2 1 2 1 2
1 1 1 1 1 1 1 1
1 2 1 2 1 2 1 2
2 2 2 2 2 2 2 2
1 1 1 1 1 1 1 1
1 2 1 2 1 2 1 2
0 1 0 1 0 1 0 1
1 0 1 0 1 0 1 0
0 0 0 0 0 0 0 0
0 0 0 0 0 0 0 0
0 0 0 0 0 0 0 0
0 0 0 0 0 0 0 0
>>>>>>> 6afa81e4cd8c2141f3c08f9d57fd7c9b2cd46aae
>>>>>>> b8053d46eb6d967618b083729549bf39179b8e68
>>>>>>> refs/remotes/origin/main
0 0 0 0 0 0 0 0