<<<<<<< HEAD
=======
<<<<<<< HEAD
=======
<<<<<<< HEAD
>>>>>>> refs/remotes/origin/main
>>>>>>> 3d1d3daf9e9f22a34771a2b965b281f5ab84e897
1 1 1 1 1 1 1 1
1 1 1 1 1 1 1 1
1 2 1 2 1 2 1 2
1 1 1 1 1 1 1 1
1 2 1 2 1 2 1 2
2 2 2 2 2 2 2 2
1 1 1 1 1 1 1 1
1 2 1 2 1 2 1 2
2 1 2 1 2 1 2 1
1 1 1 1 1 1 1 1
1 1 1 1 1 1 1 1
1 1 1 1 1 1 1 1
2 2 2 2 2 2 2 2
1 1 1 1 1 1 1 1
<<<<<<< HEAD
=======
<<<<<<< HEAD
=======
=======
<<<<<<< HEAD
1 1 1 1 1 1 1 1
1 1 1 1 1 1 1 1
1 2 1 2 1 2 1 2
1 1 1 1 1 1 1 1
1 2 1 2 1 2 1 2
2 2 2 2 2 2 2 2
1 1 1 1 1 1 1 1
1 2 1 2 1 2 1 2
2 1 2 1 2 1 2 1
1 1 1 1 1 1 1 1
1 1 1 1 1 1 1 1
1 1 1 1 1 1 1 1
2 2 2 2 2 2 2 2
1 1 1 1 1 1 1 1
=======
1 1 1 1 1 1 1 1
1 1 1 1 1 1 1 1
1 2 1 2 1 2 1 2
1 1 1 1 1 1 1 1
1 2 1 2 1 2 1 2
2 2 2 2 2 2 2 2
1 1 1 1 1 1 1 1
1 2 1 2 1 2 1 2
2 1 2 1 2 1 2 1
1 1 1 1 1 1 1 1
1 1 1 1 1 1 1 1
1 1 1 1 1 1 1 1
2 2 2 2 2 2 2 2
1 1 1 1 1 1 1 1
>>>>>>> 6afa81e4cd8c2141f3c08f9d57fd7c9b2cd46aae
>>>>>>> b8053d46eb6d967618b083729549bf39179b8e68
>>>>>>> refs/remotes/origin/main
>>>>>>> 3d1d3daf9e9f22a34771a2b965b281f5ab84e897
1 1 1 1 1 1 1 1